{
 "cells": [
  {
   "cell_type": "markdown",
   "id": "5ab394d8",
   "metadata": {
    "heading_collapsed": true
   },
   "source": [
    "# Data Preparation and initial experimentation"
   ]
  },
  {
   "cell_type": "markdown",
   "id": "bd2303fb",
   "metadata": {
    "heading_collapsed": true,
    "hidden": true
   },
   "source": [
    "## Prerequisites and imports"
   ]
  },
  {
   "cell_type": "code",
   "execution_count": 1,
   "id": "23c395be",
   "metadata": {
    "hidden": true
   },
   "outputs": [],
   "source": [
    "import pandas as pd\n",
    "from ordered_set import OrderedSet\n",
    "import glob\n",
    "import seaborn as sns\n",
    "import matplotlib.pyplot as plt\n",
    "from itertools import combinations\n",
    "import numpy as np\n",
    "import ast"
   ]
  },
  {
   "cell_type": "markdown",
   "id": "901cebfd",
   "metadata": {
    "heading_collapsed": true,
    "hidden": true
   },
   "source": [
    "## Import CSV files from min pathways and create general data set"
   ]
  },
  {
   "cell_type": "code",
   "execution_count": 2,
   "id": "9e7b3822",
   "metadata": {
    "hidden": true
   },
   "outputs": [],
   "source": [
    "# specifying the path to csv files\n",
    "path = '/Users/philine/SynologyDrive/Projects/Plastics/Data/CSV_min'"
   ]
  },
  {
   "cell_type": "code",
   "execution_count": 3,
   "id": "3710b215",
   "metadata": {
    "hidden": true
   },
   "outputs": [
    {
     "data": {
      "text/html": [
       "<div>\n",
       "<style scoped>\n",
       "    .dataframe tbody tr th:only-of-type {\n",
       "        vertical-align: middle;\n",
       "    }\n",
       "\n",
       "    .dataframe tbody tr th {\n",
       "        vertical-align: top;\n",
       "    }\n",
       "\n",
       "    .dataframe thead th {\n",
       "        text-align: right;\n",
       "    }\n",
       "</style>\n",
       "<table border=\"1\" class=\"dataframe\">\n",
       "  <thead>\n",
       "    <tr style=\"text-align: right;\">\n",
       "      <th></th>\n",
       "      <th>ID</th>\n",
       "      <th>LENGTH</th>\n",
       "      <th>INTERMEDIATES KEGG</th>\n",
       "      <th>INTERMEDIATE NAMES</th>\n",
       "      <th>REACTIONS</th>\n",
       "      <th>LENGTH SC.</th>\n",
       "      <th>KEGG SC.</th>\n",
       "      <th>GRAPH</th>\n",
       "    </tr>\n",
       "  </thead>\n",
       "  <tbody>\n",
       "    <tr>\n",
       "      <th>0</th>\n",
       "      <td>1</td>\n",
       "      <td>5</td>\n",
       "      <td>C11505 =&gt; C02001 =&gt; C01471 =&gt; C05608 =&gt; C06561...</td>\n",
       "      <td>Propene =&gt; 2-Propen-1-ol =&gt; Propenal =&gt; p-Coum...</td>\n",
       "      <td>rat21804, rat10619, rat19578, rat19683, rat132191</td>\n",
       "      <td>0.2</td>\n",
       "      <td>0</td>\n",
       "      <td>Graph</td>\n",
       "    </tr>\n",
       "    <tr>\n",
       "      <th>1</th>\n",
       "      <td>2</td>\n",
       "      <td>5</td>\n",
       "      <td>C11505 =&gt; C02001 =&gt; C05855 =&gt; C01600 =&gt; C04608...</td>\n",
       "      <td>Propene =&gt; 2-Propen-1-ol =&gt; 4-Hydroxycinnamyl ...</td>\n",
       "      <td>rat21804, rat19601, rat45105, rat45020, rat142952</td>\n",
       "      <td>0.2</td>\n",
       "      <td>0</td>\n",
       "      <td>Graph</td>\n",
       "    </tr>\n",
       "    <tr>\n",
       "      <th>2</th>\n",
       "      <td>3</td>\n",
       "      <td>5</td>\n",
       "      <td>C11505 =&gt; C02001 =&gt; C05855 =&gt; C00842 =&gt; C01460...</td>\n",
       "      <td>Propene =&gt; 2-Propen-1-ol =&gt; 4-Hydroxycinnamyl ...</td>\n",
       "      <td>rat21804, rat19601, rat44607, rat44474, rat142943</td>\n",
       "      <td>0.2</td>\n",
       "      <td>0</td>\n",
       "      <td>Graph</td>\n",
       "    </tr>\n",
       "    <tr>\n",
       "      <th>3</th>\n",
       "      <td>4</td>\n",
       "      <td>5</td>\n",
       "      <td>C11505 =&gt; C02001 =&gt; C05855 =&gt; C00842 =&gt; C01714...</td>\n",
       "      <td>Propene =&gt; 2-Propen-1-ol =&gt; 4-Hydroxycinnamyl ...</td>\n",
       "      <td>rat21804, rat19601, rat44607, rat44476, rat142945</td>\n",
       "      <td>0.2</td>\n",
       "      <td>0</td>\n",
       "      <td>Graph</td>\n",
       "    </tr>\n",
       "    <tr>\n",
       "      <th>4</th>\n",
       "      <td>5</td>\n",
       "      <td>5</td>\n",
       "      <td>C11505 =&gt; C02001 =&gt; C05855 =&gt; C00842 =&gt; C04608...</td>\n",
       "      <td>Propene =&gt; 2-Propen-1-ol =&gt; 4-Hydroxycinnamyl ...</td>\n",
       "      <td>rat21804, rat19601, rat44607, rat44572, rat142952</td>\n",
       "      <td>0.2</td>\n",
       "      <td>0</td>\n",
       "      <td>Graph</td>\n",
       "    </tr>\n",
       "    <tr>\n",
       "      <th>...</th>\n",
       "      <td>...</td>\n",
       "      <td>...</td>\n",
       "      <td>...</td>\n",
       "      <td>...</td>\n",
       "      <td>...</td>\n",
       "      <td>...</td>\n",
       "      <td>...</td>\n",
       "      <td>...</td>\n",
       "    </tr>\n",
       "    <tr>\n",
       "      <th>19</th>\n",
       "      <td>20</td>\n",
       "      <td>5</td>\n",
       "      <td>C06547 =&gt; C00511 =&gt; C04415 =&gt; C00498 =&gt; C04608...</td>\n",
       "      <td>Ethylene =&gt; Acrylate =&gt; 4-O-beta-D-Glucosyl-4-...</td>\n",
       "      <td>rat131441, rat19475, rat42928, rat42942, rat14...</td>\n",
       "      <td>0.2</td>\n",
       "      <td>0</td>\n",
       "      <td>Graph</td>\n",
       "    </tr>\n",
       "    <tr>\n",
       "      <th>20</th>\n",
       "      <td>21</td>\n",
       "      <td>5</td>\n",
       "      <td>C06547 =&gt; C00511 =&gt; C04415 =&gt; C00498 =&gt; C01714...</td>\n",
       "      <td>Ethylene =&gt; Acrylate =&gt; 4-O-beta-D-Glucosyl-4-...</td>\n",
       "      <td>rat131441, rat19475, rat42928, rat42868, rat14...</td>\n",
       "      <td>0.2</td>\n",
       "      <td>0</td>\n",
       "      <td>Graph</td>\n",
       "    </tr>\n",
       "    <tr>\n",
       "      <th>21</th>\n",
       "      <td>22</td>\n",
       "      <td>5</td>\n",
       "      <td>C06547 =&gt; C00511 =&gt; C04415 =&gt; C04507 =&gt; C04608...</td>\n",
       "      <td>Ethylene =&gt; Acrylate =&gt; 4-O-beta-D-Glucosyl-4-...</td>\n",
       "      <td>rat131441, rat19475, rat45380, rat45600, rat14...</td>\n",
       "      <td>0.2</td>\n",
       "      <td>0</td>\n",
       "      <td>Graph</td>\n",
       "    </tr>\n",
       "    <tr>\n",
       "      <th>0</th>\n",
       "      <td>1</td>\n",
       "      <td>5</td>\n",
       "      <td>C11505 =&gt; C02001 =&gt; C01471 =&gt; C10945 =&gt; C15525...</td>\n",
       "      <td>Propene =&gt; 2-Propen-1-ol =&gt; Propenal =&gt; Caffey...</td>\n",
       "      <td>rat21804, rat10619, rat18116, rat18526, rat132271</td>\n",
       "      <td>0.2</td>\n",
       "      <td>0</td>\n",
       "      <td>Graph</td>\n",
       "    </tr>\n",
       "    <tr>\n",
       "      <th>1</th>\n",
       "      <td>2</td>\n",
       "      <td>5</td>\n",
       "      <td>C11505 =&gt; C02001 =&gt; C12206 =&gt; C10945 =&gt; C15525...</td>\n",
       "      <td>Propene =&gt; 2-Propen-1-ol =&gt; Caffeyl alcohol =&gt;...</td>\n",
       "      <td>rat21804, rat18232, rat10368, rat18526, rat132271</td>\n",
       "      <td>0.2</td>\n",
       "      <td>0</td>\n",
       "      <td>Graph</td>\n",
       "    </tr>\n",
       "  </tbody>\n",
       "</table>\n",
       "<p>1727 rows × 8 columns</p>\n",
       "</div>"
      ],
      "text/plain": [
       "    ID  LENGTH                                 INTERMEDIATES KEGG  \\\n",
       "0    1       5  C11505 => C02001 => C01471 => C05608 => C06561...   \n",
       "1    2       5  C11505 => C02001 => C05855 => C01600 => C04608...   \n",
       "2    3       5  C11505 => C02001 => C05855 => C00842 => C01460...   \n",
       "3    4       5  C11505 => C02001 => C05855 => C00842 => C01714...   \n",
       "4    5       5  C11505 => C02001 => C05855 => C00842 => C04608...   \n",
       "..  ..     ...                                                ...   \n",
       "19  20       5  C06547 => C00511 => C04415 => C00498 => C04608...   \n",
       "20  21       5  C06547 => C00511 => C04415 => C00498 => C01714...   \n",
       "21  22       5  C06547 => C00511 => C04415 => C04507 => C04608...   \n",
       "0    1       5  C11505 => C02001 => C01471 => C10945 => C15525...   \n",
       "1    2       5  C11505 => C02001 => C12206 => C10945 => C15525...   \n",
       "\n",
       "                                   INTERMEDIATE NAMES  \\\n",
       "0   Propene => 2-Propen-1-ol => Propenal => p-Coum...   \n",
       "1   Propene => 2-Propen-1-ol => 4-Hydroxycinnamyl ...   \n",
       "2   Propene => 2-Propen-1-ol => 4-Hydroxycinnamyl ...   \n",
       "3   Propene => 2-Propen-1-ol => 4-Hydroxycinnamyl ...   \n",
       "4   Propene => 2-Propen-1-ol => 4-Hydroxycinnamyl ...   \n",
       "..                                                ...   \n",
       "19  Ethylene => Acrylate => 4-O-beta-D-Glucosyl-4-...   \n",
       "20  Ethylene => Acrylate => 4-O-beta-D-Glucosyl-4-...   \n",
       "21  Ethylene => Acrylate => 4-O-beta-D-Glucosyl-4-...   \n",
       "0   Propene => 2-Propen-1-ol => Propenal => Caffey...   \n",
       "1   Propene => 2-Propen-1-ol => Caffeyl alcohol =>...   \n",
       "\n",
       "                                            REACTIONS  LENGTH SC.  KEGG SC.  \\\n",
       "0   rat21804, rat10619, rat19578, rat19683, rat132191         0.2         0   \n",
       "1   rat21804, rat19601, rat45105, rat45020, rat142952         0.2         0   \n",
       "2   rat21804, rat19601, rat44607, rat44474, rat142943         0.2         0   \n",
       "3   rat21804, rat19601, rat44607, rat44476, rat142945         0.2         0   \n",
       "4   rat21804, rat19601, rat44607, rat44572, rat142952         0.2         0   \n",
       "..                                                ...         ...       ...   \n",
       "19  rat131441, rat19475, rat42928, rat42942, rat14...         0.2         0   \n",
       "20  rat131441, rat19475, rat42928, rat42868, rat14...         0.2         0   \n",
       "21  rat131441, rat19475, rat45380, rat45600, rat14...         0.2         0   \n",
       "0   rat21804, rat10619, rat18116, rat18526, rat132271         0.2         0   \n",
       "1   rat21804, rat18232, rat10368, rat18526, rat132271         0.2         0   \n",
       "\n",
       "    GRAPH  \n",
       "0   Graph  \n",
       "1   Graph  \n",
       "2   Graph  \n",
       "3   Graph  \n",
       "4   Graph  \n",
       "..    ...  \n",
       "19  Graph  \n",
       "20  Graph  \n",
       "21  Graph  \n",
       "0   Graph  \n",
       "1   Graph  \n",
       "\n",
       "[1727 rows x 8 columns]"
      ]
     },
     "execution_count": 3,
     "metadata": {},
     "output_type": "execute_result"
    }
   ],
   "source": [
    "# csv files in the path\n",
    "files = glob.glob(path + \"/*.csv\")\n",
    "  \n",
    "# defining an empty list to store content\n",
    "data = pd.DataFrame()\n",
    "content = []\n",
    "  \n",
    "# checking all the csv files in the specified path \n",
    "for filename in files:\n",
    "    \n",
    "    # reading content of csv file\n",
    "    df = pd.read_csv(filename, index_col=None)\n",
    "    content.append(df)\n",
    "  \n",
    " # converting content to data frame\n",
    "data = pd.concat(content)\n",
    "\n",
    "data"
   ]
  },
  {
   "cell_type": "markdown",
   "id": "3fcbfb8d",
   "metadata": {
    "heading_collapsed": true,
    "hidden": true
   },
   "source": [
    "## Data pre-processing"
   ]
  },
  {
   "cell_type": "markdown",
   "id": "3a3f563d",
   "metadata": {
    "heading_collapsed": true,
    "hidden": true
   },
   "source": [
    "### Reset index"
   ]
  },
  {
   "cell_type": "code",
   "execution_count": 4,
   "id": "66aead5d",
   "metadata": {
    "hidden": true
   },
   "outputs": [],
   "source": [
    "# Reset index,messed up from concatenation.\n",
    "data.reset_index(drop = True, inplace=True)"
   ]
  },
  {
   "cell_type": "markdown",
   "id": "34974433",
   "metadata": {
    "heading_collapsed": true,
    "hidden": true
   },
   "source": [
    "### Delete unnecessary columns"
   ]
  },
  {
   "cell_type": "code",
   "execution_count": 5,
   "id": "a7d04ebf",
   "metadata": {
    "hidden": true
   },
   "outputs": [],
   "source": [
    "data = data.drop(['ID', 'KEGG SC.', 'GRAPH'], axis=1)"
   ]
  },
  {
   "cell_type": "markdown",
   "id": "5978bb60",
   "metadata": {
    "heading_collapsed": true,
    "hidden": true
   },
   "source": [
    "### Transform data from string to lists to improve accessibility and workability"
   ]
  },
  {
   "cell_type": "code",
   "execution_count": 6,
   "id": "6d9f225f",
   "metadata": {
    "hidden": true
   },
   "outputs": [],
   "source": [
    "data['INTERMEDIATES KEGG'] = data['INTERMEDIATES KEGG'].str.split(' => ')\n",
    "data['INTERMEDIATE NAMES'] = data['INTERMEDIATE NAMES'].str.split(' => ')\n",
    "data['REACTIONS'] = data['REACTIONS'].str.split(', ')"
   ]
  },
  {
   "cell_type": "markdown",
   "id": "7b97d5e3",
   "metadata": {},
   "source": [
    "# load csv"
   ]
  },
  {
   "cell_type": "code",
   "execution_count": 7,
   "id": "7f5d1a72",
   "metadata": {},
   "outputs": [
    {
     "data": {
      "text/html": [
       "<div>\n",
       "<style scoped>\n",
       "    .dataframe tbody tr th:only-of-type {\n",
       "        vertical-align: middle;\n",
       "    }\n",
       "\n",
       "    .dataframe tbody tr th {\n",
       "        vertical-align: top;\n",
       "    }\n",
       "\n",
       "    .dataframe thead th {\n",
       "        text-align: right;\n",
       "    }\n",
       "</style>\n",
       "<table border=\"1\" class=\"dataframe\">\n",
       "  <thead>\n",
       "    <tr style=\"text-align: right;\">\n",
       "      <th></th>\n",
       "      <th>LENGTH</th>\n",
       "      <th>INTERMEDIATES KEGG</th>\n",
       "      <th>INTERMEDIATE NAMES</th>\n",
       "      <th>REACTIONS</th>\n",
       "      <th>LENGTH SC.</th>\n",
       "    </tr>\n",
       "  </thead>\n",
       "  <tbody>\n",
       "    <tr>\n",
       "      <th>0</th>\n",
       "      <td>5</td>\n",
       "      <td>[C11505, C02001, C01471, C05608, C06561, C00509]</td>\n",
       "      <td>[Propene, 2-Propen-1-ol, Propenal, p-Coumarald...</td>\n",
       "      <td>['rat21804', 'rat10619', 'rat19578', 'rat19683...</td>\n",
       "      <td>0.2</td>\n",
       "    </tr>\n",
       "    <tr>\n",
       "      <th>1</th>\n",
       "      <td>5</td>\n",
       "      <td>[C11505, C02001, C05855, C01600, C04608, C00509]</td>\n",
       "      <td>[Propene, 2-Propen-1-ol, 4-Hydroxycinnamyl alc...</td>\n",
       "      <td>['rat21804', 'rat19601', 'rat45105', 'rat45020...</td>\n",
       "      <td>0.2</td>\n",
       "    </tr>\n",
       "    <tr>\n",
       "      <th>2</th>\n",
       "      <td>5</td>\n",
       "      <td>[C11505, C02001, C05855, C00842, C01460, C00509]</td>\n",
       "      <td>[Propene, 2-Propen-1-ol, 4-Hydroxycinnamyl alc...</td>\n",
       "      <td>['rat21804', 'rat19601', 'rat44607', 'rat44474...</td>\n",
       "      <td>0.2</td>\n",
       "    </tr>\n",
       "    <tr>\n",
       "      <th>3</th>\n",
       "      <td>5</td>\n",
       "      <td>[C11505, C02001, C05855, C00842, C01714, C00509]</td>\n",
       "      <td>[Propene, 2-Propen-1-ol, 4-Hydroxycinnamyl alc...</td>\n",
       "      <td>['rat21804', 'rat19601', 'rat44607', 'rat44476...</td>\n",
       "      <td>0.2</td>\n",
       "    </tr>\n",
       "    <tr>\n",
       "      <th>4</th>\n",
       "      <td>5</td>\n",
       "      <td>[C11505, C02001, C05855, C00842, C04608, C00509]</td>\n",
       "      <td>[Propene, 2-Propen-1-ol, 4-Hydroxycinnamyl alc...</td>\n",
       "      <td>['rat21804', 'rat19601', 'rat44607', 'rat44572...</td>\n",
       "      <td>0.2</td>\n",
       "    </tr>\n",
       "    <tr>\n",
       "      <th>...</th>\n",
       "      <td>...</td>\n",
       "      <td>...</td>\n",
       "      <td>...</td>\n",
       "      <td>...</td>\n",
       "      <td>...</td>\n",
       "    </tr>\n",
       "    <tr>\n",
       "      <th>1722</th>\n",
       "      <td>5</td>\n",
       "      <td>[C06547, C00511, C04415, C00498, C04608, C01477]</td>\n",
       "      <td>[Ethylene, Acrylate, 4-O-beta-D-Glucosyl-4-hyd...</td>\n",
       "      <td>['rat131441', 'rat19475', 'rat42928', 'rat4294...</td>\n",
       "      <td>0.2</td>\n",
       "    </tr>\n",
       "    <tr>\n",
       "      <th>1723</th>\n",
       "      <td>5</td>\n",
       "      <td>[C06547, C00511, C04415, C00498, C01714, C01477]</td>\n",
       "      <td>[Ethylene, Acrylate, 4-O-beta-D-Glucosyl-4-hyd...</td>\n",
       "      <td>['rat131441', 'rat19475', 'rat42928', 'rat4286...</td>\n",
       "      <td>0.2</td>\n",
       "    </tr>\n",
       "    <tr>\n",
       "      <th>1724</th>\n",
       "      <td>5</td>\n",
       "      <td>[C06547, C00511, C04415, C04507, C04608, C01477]</td>\n",
       "      <td>[Ethylene, Acrylate, 4-O-beta-D-Glucosyl-4-hyd...</td>\n",
       "      <td>['rat131441', 'rat19475', 'rat45380', 'rat4560...</td>\n",
       "      <td>0.2</td>\n",
       "    </tr>\n",
       "    <tr>\n",
       "      <th>1725</th>\n",
       "      <td>5</td>\n",
       "      <td>[C11505, C02001, C01471, C10945, C15525, C05631]</td>\n",
       "      <td>[Propene, 2-Propen-1-ol, Propenal, Caffeyl ald...</td>\n",
       "      <td>['rat21804', 'rat10619', 'rat18116', 'rat18526...</td>\n",
       "      <td>0.2</td>\n",
       "    </tr>\n",
       "    <tr>\n",
       "      <th>1726</th>\n",
       "      <td>5</td>\n",
       "      <td>[C11505, C02001, C12206, C10945, C15525, C05631]</td>\n",
       "      <td>[Propene, 2-Propen-1-ol, Caffeyl alcohol, Caff...</td>\n",
       "      <td>['rat21804', 'rat18232', 'rat10368', 'rat18526...</td>\n",
       "      <td>0.2</td>\n",
       "    </tr>\n",
       "  </tbody>\n",
       "</table>\n",
       "<p>1727 rows × 5 columns</p>\n",
       "</div>"
      ],
      "text/plain": [
       "      LENGTH                                INTERMEDIATES KEGG  \\\n",
       "0          5  [C11505, C02001, C01471, C05608, C06561, C00509]   \n",
       "1          5  [C11505, C02001, C05855, C01600, C04608, C00509]   \n",
       "2          5  [C11505, C02001, C05855, C00842, C01460, C00509]   \n",
       "3          5  [C11505, C02001, C05855, C00842, C01714, C00509]   \n",
       "4          5  [C11505, C02001, C05855, C00842, C04608, C00509]   \n",
       "...      ...                                               ...   \n",
       "1722       5  [C06547, C00511, C04415, C00498, C04608, C01477]   \n",
       "1723       5  [C06547, C00511, C04415, C00498, C01714, C01477]   \n",
       "1724       5  [C06547, C00511, C04415, C04507, C04608, C01477]   \n",
       "1725       5  [C11505, C02001, C01471, C10945, C15525, C05631]   \n",
       "1726       5  [C11505, C02001, C12206, C10945, C15525, C05631]   \n",
       "\n",
       "                                     INTERMEDIATE NAMES  \\\n",
       "0     [Propene, 2-Propen-1-ol, Propenal, p-Coumarald...   \n",
       "1     [Propene, 2-Propen-1-ol, 4-Hydroxycinnamyl alc...   \n",
       "2     [Propene, 2-Propen-1-ol, 4-Hydroxycinnamyl alc...   \n",
       "3     [Propene, 2-Propen-1-ol, 4-Hydroxycinnamyl alc...   \n",
       "4     [Propene, 2-Propen-1-ol, 4-Hydroxycinnamyl alc...   \n",
       "...                                                 ...   \n",
       "1722  [Ethylene, Acrylate, 4-O-beta-D-Glucosyl-4-hyd...   \n",
       "1723  [Ethylene, Acrylate, 4-O-beta-D-Glucosyl-4-hyd...   \n",
       "1724  [Ethylene, Acrylate, 4-O-beta-D-Glucosyl-4-hyd...   \n",
       "1725  [Propene, 2-Propen-1-ol, Propenal, Caffeyl ald...   \n",
       "1726  [Propene, 2-Propen-1-ol, Caffeyl alcohol, Caff...   \n",
       "\n",
       "                                              REACTIONS  LENGTH SC.  \n",
       "0     ['rat21804', 'rat10619', 'rat19578', 'rat19683...         0.2  \n",
       "1     ['rat21804', 'rat19601', 'rat45105', 'rat45020...         0.2  \n",
       "2     ['rat21804', 'rat19601', 'rat44607', 'rat44474...         0.2  \n",
       "3     ['rat21804', 'rat19601', 'rat44607', 'rat44476...         0.2  \n",
       "4     ['rat21804', 'rat19601', 'rat44607', 'rat44572...         0.2  \n",
       "...                                                 ...         ...  \n",
       "1722  ['rat131441', 'rat19475', 'rat42928', 'rat4294...         0.2  \n",
       "1723  ['rat131441', 'rat19475', 'rat42928', 'rat4286...         0.2  \n",
       "1724  ['rat131441', 'rat19475', 'rat45380', 'rat4560...         0.2  \n",
       "1725  ['rat21804', 'rat10619', 'rat18116', 'rat18526...         0.2  \n",
       "1726  ['rat21804', 'rat18232', 'rat10368', 'rat18526...         0.2  \n",
       "\n",
       "[1727 rows x 5 columns]"
      ]
     },
     "execution_count": 7,
     "metadata": {},
     "output_type": "execute_result"
    }
   ],
   "source": [
    "csv = pd.read_csv('CSV.csv')\n",
    "csv['INTERMEDIATES KEGG'] = csv['INTERMEDIATES KEGG'].apply(lambda x: ast.literal_eval(x))\n",
    "csv['INTERMEDIATE NAMES'] = csv['INTERMEDIATE NAMES'].apply(lambda x: ast.literal_eval(x))\n",
    "csv"
   ]
  },
  {
   "cell_type": "markdown",
   "id": "35962ba0",
   "metadata": {
    "heading_collapsed": true
   },
   "source": [
    "# Jaccard distance function"
   ]
  },
  {
   "cell_type": "code",
   "execution_count": 8,
   "id": "33345346",
   "metadata": {
    "hidden": true
   },
   "outputs": [],
   "source": [
    "def jaccard_distance(A, B):\n",
    "    #Find symmetric difference of two sets\n",
    "    nominator = A.symmetric_difference(B)\n",
    "\n",
    "    #Find union of two sets\n",
    "    denominator = A.union(B)\n",
    "\n",
    "    #Take the ratio of sizes\n",
    "    distance = len(nominator)/len(denominator)\n",
    "    \n",
    "    return distance"
   ]
  },
  {
   "cell_type": "markdown",
   "id": "e5b720f3",
   "metadata": {
    "heading_collapsed": true
   },
   "source": [
    "# get all plastics"
   ]
  },
  {
   "cell_type": "code",
   "execution_count": 9,
   "id": "b94c24d2",
   "metadata": {
    "hidden": true
   },
   "outputs": [
    {
     "data": {
      "text/plain": [
       "['Propene', 'Vinyl chloride', 'Ethylene', 'Styrene', 'Terephthalate']"
      ]
     },
     "execution_count": 9,
     "metadata": {},
     "output_type": "execute_result"
    }
   ],
   "source": [
    "plastics = []\n",
    "\n",
    "for i in csv['INTERMEDIATE NAMES']:\n",
    "    if i[0] not in plastics:\n",
    "        plastics.append(i[0])\n",
    "    else:\n",
    "        continue\n",
    "\n",
    "plastics"
   ]
  },
  {
   "cell_type": "markdown",
   "id": "dd19bbf3",
   "metadata": {},
   "source": [
    "# Functions plastic to get sets"
   ]
  },
  {
   "cell_type": "code",
   "execution_count": 10,
   "id": "b7e6f889",
   "metadata": {},
   "outputs": [],
   "source": [
    "def jd_plastic_sets(data, plastic):\n",
    "    \n",
    "    plastic_df = data[data['INTERMEDIATE NAMES'].str[0] == plastic]\n",
    "    \n",
    "    \n",
    "    products = []\n",
    "\n",
    "    for i in plastic_df['INTERMEDIATE NAMES']:\n",
    "        if i[-1] not in products:\n",
    "            products.append(i[-1])\n",
    "        else:\n",
    "            continue\n",
    "\n",
    "    \n",
    "    ordered_sets = {}\n",
    "\n",
    "    # Iterate over the names and create ordered sets for each name\n",
    "    #for name in propene_names:\n",
    "    for product in products:\n",
    "        temp = []\n",
    "\n",
    "        for index, row in plastic_df.iterrows():\n",
    "            if row['INTERMEDIATE NAMES'][-1] == product:\n",
    "                temp.extend(row['INTERMEDIATES KEGG'])\n",
    "\n",
    "        ordered_set = OrderedSet(temp)\n",
    "        del temp\n",
    "\n",
    "        product = product.replace(' ', '_')\n",
    "        product = product.replace('-', '_')\n",
    "        \n",
    "        plastic = plastic.replace(' ', '_')\n",
    "        \n",
    "        name = plastic + \"_\" + product\n",
    "\n",
    "        # Add the ordered set to the dictionary with the corresponding name and product as the keys\n",
    "        ordered_sets[name] = ordered_set\n",
    "\n",
    "    # Create Variables containing Ordered Sets\n",
    "    for key, value in ordered_sets.items():\n",
    "        globals()[key] = value\n",
    "        \n",
    "    return ordered_sets"
   ]
  },
  {
   "cell_type": "code",
   "execution_count": 11,
   "id": "78aa0a37",
   "metadata": {},
   "outputs": [],
   "source": [
    "def jd_plastic_target(ordered_sets):\n",
    "    \n",
    "    set_names = []\n",
    "    sets = []\n",
    "\n",
    "    for key, value in ordered_sets.items():\n",
    "        set_names.append(key)\n",
    "        sets.append(value)\n",
    "        \n",
    "    \n",
    "    jd_dict = {}\n",
    "\n",
    "    for pair in combinations(sets, 2):\n",
    "        var1 = pair[0]\n",
    "        var2 = pair[1]\n",
    "        key1 = [k for k, v in ordered_sets.items() if v == var1]\n",
    "        key2 = [k for k, v in ordered_sets.items() if v == var2]\n",
    "        key1 = ''.join(key1)\n",
    "        key2 = ''.join(key2)\n",
    "\n",
    "        # Call your Jaccard_distance() function with var1 and var2 as arguments here\n",
    "        # For example:\n",
    "        distance = jaccard_distance(var1, var2)\n",
    "        jd_dict[key1+'_'+key2] = distance\n",
    "        \n",
    "    \n",
    "    return jd_dict"
   ]
  },
  {
   "cell_type": "markdown",
   "id": "595e1178",
   "metadata": {},
   "source": [
    "# FUNCTION target "
   ]
  },
  {
   "cell_type": "raw",
   "id": "34d94361",
   "metadata": {},
   "source": [
    "def jd_target_sets(data, target):\n",
    "    \n",
    "    df = data[data['INTERMEDIATE NAMES'].str[-1] == target]\n",
    "    \n",
    "    \n",
    "    plastics = []\n",
    "\n",
    "    for i in df['INTERMEDIATE NAMES']:\n",
    "        if i[0] not in plastics:\n",
    "            plastics.append(i[0])\n",
    "        else:\n",
    "            continue\n",
    "            \n",
    "    if len(plastics) < 2:\n",
    "        #return f\"The target compound: {target} doesn't have enough pathways available to calculate the Jaccard Distance.\" \n",
    "        return {target : 0}\n",
    "    \n",
    "    # Create a dictionary to store the ordered sets with the corresponding names and products\n",
    "    target_sets = {}\n",
    "\n",
    "    # Iterate over the names and create ordered sets for each name\n",
    "    #for name in propene_names:\n",
    "    for plastic in plastics:\n",
    "        temp = []\n",
    "\n",
    "        for index, row in df.iterrows():\n",
    "            if row['INTERMEDIATE NAMES'][0] == plastic:\n",
    "                temp.extend(row['INTERMEDIATES KEGG'])\n",
    "\n",
    "        ordered_set = OrderedSet(temp)\n",
    "        del temp\n",
    "\n",
    "        plastic = plastic.replace(' ', '_')\n",
    "        target = target.replace('-', '_')\n",
    "        name = target + \"_\" + plastic\n",
    "\n",
    "        # Add the ordered set to the dictionary with the corresponding name and product as the keys\n",
    "        target_sets[name] = ordered_set\n",
    "\n",
    "    # Create Variables containing Ordered Sets\n",
    "    for key, value in target_sets.items():\n",
    "        globals()[key] = value\n",
    "        \n",
    "    return target_sets"
   ]
  },
  {
   "cell_type": "raw",
   "id": "47cc897d",
   "metadata": {},
   "source": [
    "def jd_target_plastic(target_sets):\n",
    "    \n",
    "    #if type(target_sets) == str:\n",
    "     #   tar = target_sets.split()\n",
    "    if len(target_sets) < 2:\n",
    "        \n",
    "        #target_sets = ''.join(target_sets)\n",
    "        #return f\"The target compound: {target_sets} doesn't have enough pathways available to calculate the Jaccard Distance.\" \n",
    "            return target_sets\n",
    "        \n",
    "    set_names = []\n",
    "    sets = []\n",
    "\n",
    "    for key, value in target_sets.items():\n",
    "        set_names.append(key)\n",
    "        sets.append(value)\n",
    "        \n",
    "    \n",
    "    jd_dict = {}\n",
    "\n",
    "    for pair in combinations(sets, 2):\n",
    "        var1 = pair[0]\n",
    "        var2 = pair[1]\n",
    "        key1 = [k for k, v in target_sets.items() if v == var1]\n",
    "        key2 = [k for k, v in target_sets.items() if v == var2]\n",
    "        key1 = ''.join(key1)\n",
    "        key2 = ''.join(key2)\n",
    "\n",
    "        # Call your Jaccard_distance() function with var1 and var2 as arguments here\n",
    "        # For example:\n",
    "        distance = jaccard_distance(var1, var2)\n",
    "        jd_dict[key1+'_'+key2] = distance\n",
    "        \n",
    "    return jd_dict"
   ]
  },
  {
   "cell_type": "markdown",
   "id": "4601b50e",
   "metadata": {},
   "source": [
    "# Function distance matrix and heatmap"
   ]
  },
  {
   "cell_type": "code",
   "execution_count": 14,
   "id": "e1789f8f",
   "metadata": {},
   "outputs": [],
   "source": [
    "def dist_matrix(ordered_sets):\n",
    "    \n",
    "    n = len(ordered_sets)\n",
    "    \n",
    "    if n < 2:\n",
    "        return None\n",
    "    \n",
    "    else:    \n",
    "        distances = np.zeros((n, n))\n",
    "\n",
    "        # Calculate the distance between all pairs of sets\n",
    "        keys = list(ordered_sets.keys())\n",
    "        for i in range(n):\n",
    "            for j in range(i+1, n):\n",
    "                s1, s2 = ordered_sets[keys[i]], ordered_sets[keys[j]]\n",
    "                distance = jaccard_distance(s1, s2)\n",
    "                distances[i, j] = distance\n",
    "                distances[j, i] = distance\n",
    "\n",
    "        # Print the distance matrix\n",
    "        return distances"
   ]
  },
  {
   "cell_type": "code",
   "execution_count": 42,
   "id": "b51a5c35",
   "metadata": {},
   "outputs": [],
   "source": [
    "def dist_heatmap(distances, ordered_sets):\n",
    "    \n",
    "    if type(distances) == np.ndarray:\n",
    "        plt.figure(figsize=(15, 12))  \n",
    "        sns.set(font_scale=0.8)  \n",
    "        cmap = sns.color_palette(\"Greens\", n_colors = 30, as_cmap=True)  \n",
    "\n",
    "        # Create a heatmap with customized annotations\n",
    "        ax = sns.heatmap(\n",
    "            distances,\n",
    "            annot=True,\n",
    "            fmt=\".2f\",  # Format the annotations\n",
    "            xticklabels=list(ordered_sets.keys()),\n",
    "            yticklabels=list(ordered_sets.keys()),\n",
    "            cmap=cmap,\n",
    "            annot_kws={\"size\": 8}  \n",
    "        )\n",
    "\n",
    "        # Rotate the xticklabels for better readability\n",
    "        ax.set_xticklabels(ax.get_xticklabels(), rotation=45, horizontalalignment='right')\n",
    "        plt.show()\n",
    "        \n",
    "    else:\n",
    "        return f\"The target compound: {ordered_sets.keys()} doesn't have enough pathways available to calculate the Jaccard Distance.\""
   ]
  },
  {
   "cell_type": "markdown",
   "id": "cc753beb",
   "metadata": {},
   "source": [
    "# Propene"
   ]
  },
  {
   "cell_type": "code",
   "execution_count": 15,
   "id": "93fc677a",
   "metadata": {},
   "outputs": [],
   "source": [
    "# Get sets\n",
    "propene_sets = jd_plastic_sets(csv, 'Propene')"
   ]
  },
  {
   "cell_type": "code",
   "execution_count": 17,
   "id": "4e65ce2a",
   "metadata": {},
   "outputs": [],
   "source": [
    "# Get dictionary containing jaccard distances\n",
    "propene_dict = jd_plastic_target(propene_sets)"
   ]
  },
  {
   "cell_type": "markdown",
   "id": "d82cd749",
   "metadata": {},
   "source": [
    "## distance matrix and heatmap"
   ]
  },
  {
   "cell_type": "code",
   "execution_count": 18,
   "id": "8288dc21",
   "metadata": {
    "scrolled": true
   },
   "outputs": [
    {
     "data": {
      "text/plain": [
       "array([[0.        , 0.86046512, 0.96153846, 0.95      , 0.85714286,\n",
       "        0.97142857, 0.97297297, 0.60714286, 0.38461538, 0.90625   ,\n",
       "        0.96551724, 0.97297297, 0.98039216, 0.97058824, 0.92307692,\n",
       "        0.69047619, 0.44      , 0.96666667, 0.89285714],\n",
       "       [0.86046512, 0.        , 0.96296296, 0.83783784, 0.9       ,\n",
       "        0.97222222, 0.88571429, 0.88888889, 0.85714286, 0.875     ,\n",
       "        0.89285714, 0.91666667, 0.91836735, 0.94117647, 0.92592593,\n",
       "        0.85714286, 0.88888889, 0.89655172, 0.93333333],\n",
       "       [0.96153846, 0.96296296, 0.        , 0.95      , 0.9       ,\n",
       "        0.92857143, 0.86666667, 0.94117647, 0.95      , 0.83333333,\n",
       "        0.875     , 0.9375    , 0.93103448, 0.83333333, 0.83333333,\n",
       "        0.9375    , 0.94117647, 0.88888889, 0.88888889],\n",
       "       [0.95      , 0.83783784, 0.95      , 0.        , 0.91666667,\n",
       "        0.92857143, 0.81481481, 0.93548387, 0.90384615, 0.79166667,\n",
       "        0.8       , 0.89655172, 0.87804878, 0.92592593, 0.95238095,\n",
       "        0.91111111, 0.93548387, 0.75      , 0.91304348],\n",
       "       [0.85714286, 0.9       , 0.9       , 0.91666667, 0.        ,\n",
       "        0.94736842, 0.95238095, 0.9047619 , 0.90697674, 0.88235294,\n",
       "        0.92307692, 0.95238095, 0.97142857, 0.94444444, 0.8       ,\n",
       "        0.85294118, 0.9047619 , 0.92857143, 0.75      ],\n",
       "       [0.97142857, 0.97222222, 0.92857143, 0.92857143, 0.94736842,\n",
       "        0.        , 0.91666667, 0.96153846, 0.98      , 0.95454545,\n",
       "        0.94117647, 0.91666667, 0.88888889, 0.78947368, 0.93333333,\n",
       "        0.97619048, 0.96153846, 0.88235294, 0.94444444],\n",
       "       [0.97297297, 0.88571429, 0.86666667, 0.81481481, 0.95238095,\n",
       "        0.91666667, 0.        , 0.96428571, 0.96078431, 0.91304348,\n",
       "        0.94736842, 0.83333333, 0.6       , 0.80952381, 0.94117647,\n",
       "        0.90243902, 0.96428571, 0.6875    , 0.95      ],\n",
       "       [0.60714286, 0.88888889, 0.94117647, 0.93548387, 0.9047619 ,\n",
       "        0.96153846, 0.96428571, 0.        , 0.74418605, 0.91666667,\n",
       "        0.95      , 0.96428571, 0.97619048, 0.96      , 0.94444444,\n",
       "        0.72222222, 0.42105263, 0.95238095, 0.9       ],\n",
       "       [0.38461538, 0.85714286, 0.95      , 0.90384615, 0.90697674,\n",
       "        0.98      , 0.96078431, 0.74418605, 0.        , 0.71794872,\n",
       "        0.92857143, 0.98076923, 0.96923077, 0.95833333, 0.95121951,\n",
       "        0.75      , 0.61538462, 0.97777778, 0.93023256],\n",
       "       [0.90625   , 0.875     , 0.83333333, 0.79166667, 0.88235294,\n",
       "        0.95454545, 0.91304348, 0.91666667, 0.71794872, 0.        ,\n",
       "        0.78571429, 0.95833333, 0.94594595, 0.9       , 0.92857143,\n",
       "        0.89473684, 0.91666667, 0.94117647, 0.8       ],\n",
       "       [0.96551724, 0.89285714, 0.875     , 0.8       , 0.92307692,\n",
       "        0.94117647, 0.94736842, 0.95      , 0.92857143, 0.78571429,\n",
       "        0.        , 0.94736842, 0.96969697, 0.9375    , 0.88888889,\n",
       "        0.97222222, 0.95      , 0.91666667, 0.91666667],\n",
       "       [0.97297297, 0.91666667, 0.9375    , 0.89655172, 0.95238095,\n",
       "        0.91666667, 0.83333333, 0.96428571, 0.98076923, 0.95833333,\n",
       "        0.94736842, 0.        , 0.86486486, 0.80952381, 0.94117647,\n",
       "        0.95348837, 0.96428571, 0.83333333, 0.95      ],\n",
       "       [0.98039216, 0.91836735, 0.93103448, 0.87804878, 0.97142857,\n",
       "        0.88888889, 0.6       , 0.97619048, 0.96923077, 0.94594595,\n",
       "        0.96969697, 0.86486486, 0.        , 0.81818182, 0.96774194,\n",
       "        0.92727273, 0.97619048, 0.83333333, 0.97058824],\n",
       "       [0.97058824, 0.94117647, 0.83333333, 0.92592593, 0.94444444,\n",
       "        0.78947368, 0.80952381, 0.96      , 0.95833333, 0.9       ,\n",
       "        0.9375    , 0.80952381, 0.81818182, 0.        , 0.92857143,\n",
       "        0.95      , 0.96      , 0.875     , 0.94117647],\n",
       "       [0.92307692, 0.92592593, 0.83333333, 0.95238095, 0.8       ,\n",
       "        0.93333333, 0.94117647, 0.94444444, 0.95121951, 0.92857143,\n",
       "        0.88888889, 0.94117647, 0.96774194, 0.92857143, 0.        ,\n",
       "        0.93939394, 0.94444444, 0.9       , 0.9       ],\n",
       "       [0.69047619, 0.85714286, 0.9375    , 0.91111111, 0.85294118,\n",
       "        0.97619048, 0.90243902, 0.72222222, 0.75      , 0.89473684,\n",
       "        0.97222222, 0.95348837, 0.92727273, 0.95      , 0.93939394,\n",
       "        0.        , 0.72222222, 0.91428571, 0.77419355],\n",
       "       [0.44      , 0.88888889, 0.94117647, 0.93548387, 0.9047619 ,\n",
       "        0.96153846, 0.96428571, 0.42105263, 0.61538462, 0.91666667,\n",
       "        0.95      , 0.96428571, 0.97619048, 0.96      , 0.94444444,\n",
       "        0.72222222, 0.        , 0.95238095, 0.9       ],\n",
       "       [0.96666667, 0.89655172, 0.88888889, 0.75      , 0.92857143,\n",
       "        0.88235294, 0.6875    , 0.95238095, 0.97777778, 0.94117647,\n",
       "        0.91666667, 0.83333333, 0.83333333, 0.875     , 0.9       ,\n",
       "        0.91428571, 0.95238095, 0.        , 0.92307692],\n",
       "       [0.89285714, 0.93333333, 0.88888889, 0.91304348, 0.75      ,\n",
       "        0.94444444, 0.95      , 0.9       , 0.93023256, 0.8       ,\n",
       "        0.91666667, 0.95      , 0.97058824, 0.94117647, 0.9       ,\n",
       "        0.77419355, 0.9       , 0.92307692, 0.        ]])"
      ]
     },
     "execution_count": 18,
     "metadata": {},
     "output_type": "execute_result"
    }
   ],
   "source": [
    "dist_propene = dist_matrix(propene_sets)\n",
    "dist_propene"
   ]
  },
  {
   "cell_type": "code",
   "execution_count": 20,
   "id": "100bd3b9",
   "metadata": {},
   "outputs": [
    {
     "data": {
